<!DOCTYPE html>
<html lang="en">
<head>
<meta charset="utf-8"/>
<style>body{background-color:white;}</style>
<script src="chorddiag_libs/htmlwidgets-1.5.3/htmlwidgets.js"></script>
<script src="chorddiag_libs/d3-4.13.0/d3.min.js"></script>
<script src="chorddiag_libs/d3-tip-0.8.1/index.js"></script>
<link href="chorddiag_libs/chorddiag-0.1.2.9000/chorddiag.css" rel="stylesheet" />
<script src="chorddiag_libs/chorddiag-0.1.2.9000/chorddiag.js"></script>
<script src="chorddiag_libs/pymjs-1.3.2/pym.v1.min.js"></script>
  <title>chorddiag</title>
</head>
<body>
<div id="htmlwidget_container">
  <div id="htmlwidget-796fce900aca38e57aac" style="width:100%;height:500px;" class="chorddiag html-widget"></div>
  <script>HTMLWidgets.pymChild = new pym.Child();HTMLWidgets.addPostRenderHandler(function(){
                                setTimeout(function(){HTMLWidgets.pymChild.sendHeight();},100);
                            });</script>
</div>
<script type="application/json" data-for="htmlwidget-796fce900aca38e57aac">{"x":{"matrix":[[0,1,1,1,1,1,1,1,0.942307692307692,0.769230769230769,0.711538461538462,0.673076923076923,0.634615384615385,0.576923076923077,0.461538461538462,0.461538461538462,0.442307692307692,0.211538461538462],[1,0,1,1,1,1,1,1,0.942307692307692,0.769230769230769,0.711538461538462,0.673076923076923,0.634615384615385,0.576923076923077,0.461538461538462,0.461538461538462,0.442307692307692,0.211538461538462],[1,1,0,1,1,1,1,1,0.942307692307692,0.769230769230769,0.711538461538462,0.673076923076923,0.634615384615385,0.576923076923077,0.461538461538462,0.461538461538462,0.442307692307692,0.211538461538462],[1,1,1,0,1,1,1,1,0.942307692307692,0.769230769230769,0.711538461538462,0.673076923076923,0.634615384615385,0.576923076923077,0.461538461538462,0.461538461538462,0.442307692307692,0.211538461538462],[1,1,1,1,0,1,1,1,0.942307692307692,0.769230769230769,0.711538461538462,0.673076923076923,0.634615384615385,0.576923076923077,0.461538461538462,0.461538461538462,0.442307692307692,0.211538461538462],[1,1,1,1,1,0,1,1,0.942307692307692,0.769230769230769,0.711538461538462,0.673076923076923,0.634615384615385,0.576923076923077,0.461538461538462,0.461538461538462,0.442307692307692,0.211538461538462],[1,1,1,1,1,1,0,1,0.942307692307692,0.769230769230769,0.711538461538462,0.673076923076923,0.634615384615385,0.576923076923077,0.461538461538462,0.461538461538462,0.442307692307692,0.211538461538462],[1,1,1,1,1,1,1,0,0.942307692307692,0.769230769230769,0.711538461538462,0.673076923076923,0.634615384615385,0.576923076923077,0.461538461538462,0.461538461538462,0.442307692307692,0.211538461538462],[0.942307692307692,0.942307692307692,0.942307692307692,0.942307692307692,0.942307692307692,0.942307692307692,0.942307692307692,0.942307692307692,0,0.769230769230769,0.711538461538462,0.673076923076923,0.634615384615385,0.576923076923077,0.461538461538462,0.461538461538462,0.442307692307692,0.211538461538462],[0.769230769230769,0.769230769230769,0.769230769230769,0.769230769230769,0.769230769230769,0.769230769230769,0.769230769230769,0.769230769230769,0.769230769230769,0,0.711538461538462,0.634615384615385,0.576923076923077,0.538461538461538,0.442307692307692,0.442307692307692,0.403846153846154,0.211538461538462],[0.711538461538462,0.711538461538462,0.711538461538462,0.711538461538462,0.711538461538462,0.711538461538462,0.711538461538462,0.711538461538462,0.711538461538462,0.711538461538462,0,0.480769230769231,0.538461538461538,0.461538461538462,0.384615384615385,0.307692307692308,0.384615384615385,0.173076923076923],[0.673076923076923,0.673076923076923,0.673076923076923,0.673076923076923,0.673076923076923,0.673076923076923,0.673076923076923,0.673076923076923,0.673076923076923,0.634615384615385,0.480769230769231,0,0.5,0.423076923076923,0.365384615384615,0.269230769230769,0.346153846153846,0.173076923076923],[0.634615384615385,0.634615384615385,0.634615384615385,0.634615384615385,0.634615384615385,0.634615384615385,0.634615384615385,0.634615384615385,0.634615384615385,0.576923076923077,0.538461538461538,0.5,0,0.365384615384615,0.326923076923077,0.384615384615385,0.288461538461538,0.115384615384615],[0.576923076923077,0.576923076923077,0.576923076923077,0.576923076923077,0.576923076923077,0.576923076923077,0.576923076923077,0.576923076923077,0.576923076923077,0.538461538461538,0.461538461538462,0.423076923076923,0.365384615384615,0,0.269230769230769,0.269230769230769,0.25,0.153846153846154],[0.461538461538462,0.461538461538462,0.461538461538462,0.461538461538462,0.461538461538462,0.461538461538462,0.461538461538462,0.461538461538462,0.461538461538462,0.442307692307692,0.384615384615385,0.365384615384615,0.326923076923077,0.269230769230769,0,0.269230769230769,0.211538461538462,0.0961538461538462],[0.461538461538462,0.461538461538462,0.461538461538462,0.461538461538462,0.461538461538462,0.461538461538462,0.461538461538462,0.461538461538462,0.461538461538462,0.442307692307692,0.307692307692308,0.269230769230769,0.384615384615385,0.269230769230769,0.269230769230769,0,0.25,0.0769230769230769],[0.442307692307692,0.442307692307692,0.442307692307692,0.442307692307692,0.442307692307692,0.442307692307692,0.442307692307692,0.442307692307692,0.442307692307692,0.403846153846154,0.384615384615385,0.346153846153846,0.288461538461538,0.25,0.211538461538462,0.25,0,0.0769230769230769],[0.211538461538462,0.211538461538462,0.211538461538462,0.211538461538462,0.211538461538462,0.211538461538462,0.211538461538462,0.211538461538462,0.211538461538462,0.211538461538462,0.173076923076923,0.173076923076923,0.115384615384615,0.153846153846154,0.0961538461538462,0.0769230769230769,0.0769230769230769,0]],"options":{"type":"directional","width":null,"height":null,"margin":100,"showGroupnames":true,"groupNames":["ten","mon","tot","pho","onl","onl","tec","pap","pay","con","con","sen","int","str","par","gen","pay","str"],"groupColors":["#1B9E77","#D95F02","#7570B3","#E7298A","#66A61E","#E6AB02","#A6761D","#666666"],"groupThickness":0.1,"groupPadding":0.0349065850398866,"groupnamePadding":[10,10,10,10,10,10,10,10,10,10,10,10,10,10,10,10,10,10],"groupnameFontsize":18,"groupedgeColor":null,"chordedgeColor":"#808080","categoryNames":null,"categorynamePadding":100,"categorynameFontsize":6,"showTicks":true,"tickInterval":0.1,"ticklabelFontsize":10,"fadeLevel":0.1,"showTooltips":true,"showZeroTooltips":true,"tooltipNames":["tenure","monthly charges","total charges","phone service","online security","online backup","tech support","paperless billing","payment method electronic check","contract  one year","contract  two year","senior citizen","internet service no","streaming tv","partner","gender","payment method credit card_automatic","streaming movies"],"tooltipFontsize":12,"tooltipUnit":"","tooltipGroupConnector":" &#x25B6; ","precision":"null","clickAction":null,"clickGroupAction":null}},"evals":[],"jsHooks":[]}</script>
<script type="application/htmlwidget-sizing" data-for="htmlwidget-796fce900aca38e57aac">{"viewer":{"width":"100%","height":350,"padding":0,"fill":false},"browser":{"width":"100%","height":500,"padding":0,"fill":false}}</script>
</body>
</html>
